 -1.61538134e+00 2.28957357e+00 -3.88933506e-01 1.67399120e+00 2.09472259e-01 8.54389663e-01 5.78237845e-01 1.18681698e+00 -1.70372431e+00 1.97874350e+00
 -2.36601826e+00 1.81408362e+00 1.98110378e-01 2.26735712e-01 9.18419096e-01 8.24333607e-02 9.90409184e-01 1.01289695e-02 5.17797965e-01 -8.84589623e-01
 1.41190259e-01 -2.52725031e-01 3.64002915e-01 3.45511167e-01 -5.19753623e-01 1.25593120e+00 -8.73822764e-01 -3.43720066e-01 -9.85305961e-01 -8.43473034e-01
 1.00245692e+00 1.60700299e+00 1.31503529e-01 -2.45550557e+00 -8.20917055e-01 1.43080532e-01 -1.00463345e+00 1.13129133e+00 -1.18299261e+00 2.52535584e-01
 6.15474250e-01 -1.56329092e-02 4.22328865e-01 -8.51010670e-01 2.53910130e-01 -4.06934883e-01 1.46105394e+00 -1.91962279e-01 1.87282685e+00 -2.83861930e-01
 1.81473524e+00 2.33410085e-01 -1.81627452e+00 -7.90760088e-01 2.29733115e-01 -1.98967136e+00 -4.20863889e-02 1.20699051e+00 -9.70138303e-02 -4.98740212e-03
 -1.26136692e-01 -9.02842430e-01 -1.30967736e+00 6.97115627e-01 2.18630302e+00 -1.55387869e-01 5.60827630e-01 1.54401024e-01 4.67771320e-02 -2.25873596e-01
 1.10955000e+00 -1.54329960e-01 -1.93514148e+00 3.06582246e-01 8.68934008e-01 9.96188696e-01 6.12532346e-01 1.34133720e+00 2.14441792e-01 2.12555132e-01
 9.03124380e-01 7.19501066e-02 2.16106039e+00 -3.26637979e-01 1.62837327e+00 2.59160752e-01 -7.56627688e-01 -2.01664826e+00 4.15286206e-01 5.70875013e-01
 -6.84161614e-01 6.52734927e-01 -8.15960127e-01 9.59091826e-01 -2.08224206e-01 9.92320543e-01 -1.37015510e+00 -1.36553687e+00 -2.05799488e+00 -1.27082427e+00
